il1_db: 2.3053484834839715
il2_db: 1.7876666437958242
xt1_db: -5.14836683505982
xt2_db: -4.632504250437548
il_avg_db: 2.046507563639898
xt_avg_db: -4.890435542748683
n1: 21
n2: 21
